2147483647C
0 0
1807 1
1750 1
1782 1
1818 1
1710 1
1738 1
1698 1
1764 1
1702 1
1703 1
1703 1
1747 1
1659 1
1851 1
1754 1
1776 1
1782 1
1851 1
1786 1
1755 1
1800 1
1783 1
1777 1
1800 1
1827 1
1777 1
1787 1
1798 1
1816 1
1828 1
1799 1
1583 1
1804 1
1827 1
1809 1
1797 1
1736 1
1810 1
1828 1
1798 1
1799 1
1583 1
1771 1
1743 1
1775 1
1793 1
1721 1
1821 1
1759 1
1731 1
1785 1
1793 1
1777 1
1849 1
1747 1
1849 1
1799 1
1797 1
1768 1
1845 1
1853 1
1797 1
6380 1
1798 1
1802 1
1753 1
1757 1
1745 1
1798 1
1761 1
1775 1
1846 1
1798 1
1759 1
1853 1
1787 1
1810 1
1737 1
1773 1
1804 1
1839 1
1854 1
1797 1
4374 1
1853 1
1809 1
1797 1
1849 1
1800 1
1763 1
1763 1
1682 1
1798 1
3424 1
1806 1
1799 1
1831 1
1854 1
1850 1
1854 1
1798 1
1798 1
1735 1
1854 1
1799 1
1831 1
2550 1
2550 1
2549 1
2549 1
1803 1
1809 1
1845 1
1797 1
1846 1
2550 1
7202 1
1799 1
1803 1
1799 1
1769 1
1828 1
1767 1
1787 1
1747 1
1751 1
1846 1
1846 1
2549 1
2926 1
1803 1
1798 1
1798 1
1787 1
1810 1
1806 1
1805 1
1805 1
1797 1
1851 1
1797 1
1798 1
1777 1
1798 1
1799 1
1831 1
3676 1
2540 1
2540 1
3676 1
1800 1
1781 1
1852 1
1800 1
1747 1
1852 1
1734 1
1852 1
1851 1
3675 1
2138 1
1745 1
1800 1
1787 1
1800 1
1848 1
1810 1
1800 1
1822 1
1846 1
1846 1
1800 1
1800 1
1813 1
1813 1
1847 1
1852 1
